366.4 
341.7
310.4
284.1
267.7
251.8
226.4
209.0
198.8
151.7
138.3
124.3
112.4 
100.9
92.9
82.9
77.1
71.5
64.9
58.7
55.1
49.2
45.3
41.7
37.8 
36.2
32.6
30.7
29.0
26.3
25.2
23.1
21.3
19.6
18.3
16.8
15.6 
14.6
12.6
12.6
10.9
10.0
9.4
9.2
9.2
8.9
8.1
7.8
7.1
6.7
6.4
6.1
5.5
5.1
4.5
4.0
%===================================================
366.4 % C1 ----------------------
341.7
310.4
284.1
267.7
251.8
226.4
209.0
198.8
151.7
138.3
124.3
112.4 % C2 ---------------------
100.9
92.9
82.9
77.1
71.5
64.9
58.7
55.1
49.2
45.3
41.7
37.8 % C3 --------------------
36.2
32.6
30.7
29.0
26.3
25.2
23.1
21.3
19.6
18.3
16.8
15.6 % C4 -------------------
14.6
12.6
12.6
10.9
10.0
9.4
9.2
9.2
8.9
8.1
7.8
7.1 % C5 -------------------
6.7
6.4
6.1
5.5
5.1
4.5
4.0
